Q(x) for x = arange(1,8.05,0.05)

[  1.58655254e-01   1.46859056e-01   1.35666061e-01   1.25071936e-01
   1.15069670e-01   1.05649774e-01   9.68004846e-02   8.85079914e-02
   8.07566592e-02   7.35292596e-02   6.68072013e-02   6.05707580e-02
   5.47992917e-02   4.94714680e-02   4.45654628e-02   4.00591569e-02
   3.59303191e-02   3.21567748e-02   2.87165598e-02   2.55880595e-02
   2.27501319e-02   2.01822154e-02   1.78644206e-02   1.57776074e-02
   1.39034475e-02   1.22244727e-02   1.07241100e-02   9.38670553e-03
   8.19753592e-03   7.14281074e-03   6.20966533e-03   5.38614595e-03
   4.66118802e-03   4.02458854e-03   3.46697380e-03   2.97976324e-03
   2.55513033e-03   2.18596145e-03   1.86581330e-03   1.58886965e-03
   1.34989803e-03   1.14420683e-03   9.67603213e-04   8.16352313e-04
   6.87137938e-04   5.77025042e-04   4.83424142e-04   4.04057802e-04
   3.36929266e-04   2.80293277e-04   2.32629079e-04   1.92615576e-04
   1.59108590e-04   1.31120154e-04   1.07799733e-04   8.84172852e-05
   7.23480439e-05   5.90589124e-05   4.80963440e-05   3.90755966e-05
   3.16712418e-05   2.56088165e-05   2.06575069e-05   1.66237637e-05
   1.33457490e-05   1.06885258e-05   8.53990547e-06   6.80687660e-06
   5.41254391e-06   4.29351447e-06   3.39767312e-06   2.68229578e-06
   2.11245470e-06   1.65967514e-06   1.30080745e-06   1.01708324e-06
   7.93328152e-07   6.17307372e-07   4.79183277e-07   3.71067408e-07
   2.86651572e-07   2.20905032e-07   1.69826741e-07   1.30243230e-07
   9.96442632e-08   7.60496052e-08   5.79013404e-08   4.39771159e-08
   3.33204485e-08   2.51849100e-08   1.89895625e-08   1.42834799e-08
   1.07175903e-08   8.02239186e-09   5.99037142e-09   4.46217246e-09
   3.31574596e-09   2.45786508e-09   1.81750787e-09   1.34071243e-09
   9.86587645e-10   7.24229177e-10   5.30342326e-10   3.87414711e-10
   2.82315782e-10   2.05226336e-10   1.48822843e-10   1.07657439e-10
   7.76884668e-11   5.59250979e-11   4.01599864e-11   2.87685431e-11
   2.05578887e-11   1.46546664e-11   1.04209974e-11   7.39225348e-12
   5.23098231e-12   3.69249076e-12   2.60014232e-12   1.82642790e-12
   1.27980959e-12   8.94562202e-13   6.23778806e-13   4.33875158e-13
   3.01036973e-13   2.08388862e-13   1.43884904e-13   9.90874049e-14
   6.81121826e-14   4.66848782e-14   3.19189120e-14   2.17603713e-14
   1.48214774e-14   1.00475184e-14   6.82787160e-15   4.60742555e-15
   3.10862447e-15   2.05391260e-15   1.38777878e-15   9.43689571e-16
   6.10622664e-16]

Q(x) for x = arange(1,8,0.1)

    .0        .1        .2        .3        .4        .5        .6        .7        .8        .9
1. 1.587e-01 1.357e-01 1.151e-01 9.680e-02 8.076e-02 6.681e-02 5.480e-02 4.457e-02 3.593e-02 2.872e-02
2. 2.275e-02 1.786e-02 1.390e-02 1.072e-02 8.198e-03 6.210e-03 4.661e-03 3.467e-03 2.555e-03 1.866e-03
3. 1.350e-03 9.676e-04 6.871e-04 4.834e-04 3.369e-04 2.326e-04 1.591e-04 1.078e-04 7.235e-05 4.810e-05
4. 3.167e-05 2.066e-05 1.335e-05 8.540e-06 5.413e-06 3.398e-06 2.112e-06 1.301e-06 7.933e-07 4.792e-07
5. 2.867e-07 1.698e-07 9.964e-08 5.790e-08 3.332e-08 1.899e-08 1.072e-08 5.990e-09 3.316e-09 1.818e-09
6. 9.866e-10 5.303e-10 2.823e-10 1.488e-10 7.769e-11 4.016e-11 2.056e-11 1.042e-11 5.231e-12 2.600e-12
7. 1.280e-12 6.238e-13 3.010e-13 1.439e-13 6.811e-14 3.192e-14 1.482e-14 6.828e-15 3.109e-15 1.388e-15
